Buscape: 0.8416055367716698

Twitter: 0.8818391300814441

